rm -f initLB.o visualLB.o boundary.o collision.o streaming.o computeCellValues.o main.o helper.o unitTest.o lbsim
gcc -Werror -pedantic -Wall -std=c99  -O3 -c initLB.c -o initLB.o
gcc -Werror -pedantic -Wall -std=c99  -O3 -c visualLB.c -o visualLB.o
gcc -Werror -pedantic -Wall -std=c99  -O3 -c boundary.c -o boundary.o
gcc -Werror -pedantic -Wall -std=c99  -O3 -c collision.c -o collision.o
gcc -Werror -pedantic -Wall -std=c99  -O3 -c streaming.c -o streaming.o
gcc -Werror -pedantic -Wall -std=c99  -O3 -c computeCellValues.c -o computeCellValues.o
gcc -Werror -pedantic -Wall -std=c99  -O3 -c main.c -o main.o
gcc -Werror -pedantic -Wall -std=c99  -O3 -c helper.c -o helper.o
gcc -Werror -pedantic -Wall -std=c99  -O3 -c unitTest.c -o unitTest.o
gcc initLB.o visualLB.o boundary.o collision.o streaming.o computeCellValues.o main.o helper.o unitTest.o -o lbsim -lm 

INFO:Use make speed for a faster code without checks.
File: cavity.dat		*xlength       = 5
File: cavity.dat		Re             = 20.000000
File: cavity.dat		xvelocity      = 0.010000
File: cavity.dat		yvelocity      = 0.000000
File: cavity.dat		zvelocity      = 0.000000
File: cavity.dat		*timesteps     = 100
File: cavity.dat		*timestepsPerPlotting= 10

INFO: Calculated tau = 0.507500 

INFO: Wall speed = 0.010000 

INFO: Mach number = 0.017321 

INFO: The compiler directive NO_CHECKS is disabled. Checks for correctness are carried out at the cost of execution speed!
      Use "make speed" for a faster execution time.
0.019207
0.019207
0.038413
0.019207
0.019207
0.019207
0.038413
0.019207
0.038413
0.230480
0.038413
0.019207
0.038413
0.019207
0.019207
0.019207
0.038413
0.019207
0.019207
0.019163
0.019163
0.038325
0.019163
0.019163
0.019163
0.038325
0.019163
0.038325
0.229952
0.038325
0.019163
0.038325
0.019163
0.019163
0.019163
0.038325
0.019163
0.019163
0.019345
0.019345
0.038690
0.019345
0.019345
0.019345
0.038690
0.019345
0.038690
0.232138
0.038690
0.019345
0.038690
0.019345
0.019345
0.019345
0.038690
0.019345
0.019345
0.019169
0.019169
0.038338
0.019169
0.019169
0.019169
0.038338
0.019169
0.038338
0.230030
0.038338
0.019169
0.038338
0.019169
0.019169
0.019169
0.038338
0.019169
0.019169
0.019182
0.019182
0.038364
0.019182
0.019182
0.019182
0.038364
0.019182
0.038364
0.230186
0.038364
0.019182
0.038364
0.019182
0.019182
0.019182
0.038364
0.019182
0.019182
0.019169
0.019169
0.038338
0.019169
0.019169
0.019169
0.038338
0.019169
0.038338
0.230029
0.038338
0.019169
0.038338
0.019169
0.019169
0.019169
0.038338
0.019169
0.019169
0.019208
0.019208
0.038416
0.019208
0.019208
0.019208
0.038416
0.019208
0.038416
0.230493
0.038416
0.019208
0.038416
0.019208
0.019208
0.019208
0.038416
0.019208
0.019208
0.019240
0.019240
0.038480
0.019240
0.019240
0.019240
0.038480
0.019240
0.038480
0.230881
0.038480
0.019240
0.038480
0.019240
0.019240
0.019240
0.038480
0.019240
0.019240
0.019250
0.019250
0.038499
0.019250
0.019250
0.019250
0.038499
0.019250
0.038499
0.230996
0.038499
0.019250
0.038499
0.019250
0.019250
0.019250
0.038499
0.019250
0.019250
0.019326
0.019326
0.038652
0.019326
0.019326
0.019326
0.038652
0.019326
0.038652
0.231910
0.038652
0.019326
0.038652
0.019326
0.019326
0.019326
0.038652
0.019326
0.019326
0.019157
0.019157
0.038314
0.019157
0.019157
0.019157
0.038314
0.019157
0.038314
0.229881
0.038314
0.019157
0.038314
0.019157
0.019157
0.019157
0.038314
0.019157
0.019157
0.019207
0.019207
0.038413
0.019207
0.019207
0.019207
0.038413
0.019207
0.038413
0.230479
0.038413
0.019207
0.038413
0.019207
0.019207
0.019207
0.038413
0.019207
0.019207
0.019341
0.019341
0.038681
0.019341
0.019341
0.019341
0.038681
0.019341
0.038681
0.232089
0.038681
0.019341
0.038681
0.019341
0.019341
0.019341
0.038681
0.019341
0.019341
0.019196
0.019196
0.038393
0.019196
0.019196
0.019196
0.038393
0.019196
0.038393
0.230356
0.038393
0.019196
0.038393
0.019196
0.019196
0.019196
0.038393
0.019196
0.019196
0.019234
0.019234
0.038468
0.019234
0.019234
0.019234
0.038468
0.019234
0.038468
0.230807
0.038468
0.019234
0.038468
0.019234
0.019234
0.019234
0.038468
0.019234
0.019234
0.019203
0.019203
0.038406
0.019203
0.019203
0.019203
0.038406
0.019203
0.038406
0.230437
0.038406
0.019203
0.038406
0.019203
0.019203
0.019203
0.038406
0.019203
0.019203
0.019224
0.019224
0.038447
0.019224
0.019224
0.019224
0.038447
0.019224
0.038447
0.230684
0.038447
0.019224
0.038447
0.019224
0.019224
0.019224
0.038447
0.019224
0.019224
0.019206
0.019206
0.038412
0.019206
0.019206
0.019206
0.038412
0.019206
0.038412
0.230473
0.038412
0.019206
0.038412
0.019206
0.019206
0.019206
0.038412
0.019206
0.019206
0.019234
0.019234
0.038468
0.019234
0.019234
0.019234
0.038468
0.019234
0.038468
0.230806
0.038468
0.019234
0.038468
0.019234
0.019234
0.019234
0.038468
0.019234
0.019234
0.019203
0.019203
0.038406
0.019203
0.019203
0.019203
0.038406
0.019203
0.038406
0.230437
0.038406
0.019203
0.038406
0.019203
0.019203
0.019203
0.038406
0.019203
0.019203
0.019212
0.019212
0.038424
0.019212
0.019212
0.019212
0.038424
0.019212
0.038424
0.230545
0.038424
0.019212
0.038424
0.019212
0.019212
0.019212
0.038424
0.019212
0.019212
0.019243
0.019243
0.038485
0.019243
0.019243
0.019243
0.038485
0.019243
0.038485
0.230911
0.038485
0.019243
0.038485
0.019243
0.019243
0.019243
0.038485
0.019243
0.019243
0.019241
0.019241
0.038481
0.019241
0.019241
0.019241
0.038481
0.019241
0.038481
0.230887
0.038481
0.019241
0.038481
0.019241
0.019241
0.019241
0.038481
0.019241
0.019241
0.019209
0.019209
0.038417
0.019209
0.019209
0.019209
0.038417
0.019209
0.038417
0.230504
0.038417
0.019209
0.038417
0.019209
0.019209
0.019209
0.038417
0.019209
0.019209
0.019168
0.019168
0.038337
0.019168
0.019168
0.019168
0.038337
0.019168
0.038337
0.230021
0.038337
0.019168
0.038337
0.019168
0.019168
0.019168
0.038337
0.019168
0.019168
0.019312
0.019312
0.038624
0.019312
0.019312
0.019312
0.038624
0.019312
0.038624
0.231743
0.038624
0.019312
0.038624
0.019312
0.019312
0.019312
0.038624
0.019312
0.019312
0.019340
0.019340
0.038679
0.019340
0.019340
0.019340
0.038679
0.019340
0.038679
0.232075
0.038679
0.019340
0.038679
0.019340
0.019340
0.019340
0.038679
0.019340
0.019340
0.019229
0.019229
0.038458
0.019229
0.019229
0.019229
0.038458
0.019229
0.038458
0.230750
0.038458
0.019229
0.038458
0.019229
0.019229
0.019229
0.038458
0.019229
0.019229
0.019226
0.019226
0.038451
0.019226
0.019226
0.019226
0.038451
0.019226
0.038451
0.230708
0.038451
0.019226
0.038451
0.019226
0.019226
0.019226
0.038451
0.019226
0.019226
0.019340
0.019340
0.038681
0.019340
0.019340
0.019340
0.038681
0.019340
0.038681
0.232085
0.038681
0.019340
0.038681
0.019340
0.019340
0.019340
0.038681
0.019340
0.019340
0.019246
0.019246
0.038491
0.019246
0.019246
0.019246
0.038491
0.019246
0.038491
0.230948
0.038491
0.019246
0.038491
0.019246
0.019246
0.019246
0.038491
0.019246
0.019246
0.019279
0.019279
0.038557
0.019279
0.019279
0.019279
0.038557
0.019279
0.038557
0.231343
0.038557
0.019279
0.038557
0.019279
0.019279
0.019279
0.038557
0.019279
0.019279
0.019157
0.019157
0.038314
0.019157
0.019157
0.019157
0.038314
0.019157
0.038314
0.229882
0.038314
0.019157
0.038314
0.019157
0.019157
0.019157
0.038314
0.019157
0.019157
0.019244
0.019244
0.038488
0.019244
0.019244
0.019244
0.038488
0.019244
0.038488
0.230931
0.038488
0.019244
0.038488
0.019244
0.019244
0.019244
0.038488
0.019244
0.019244
0.019294
0.019294
0.038588
0.019294
0.019294
0.019294
0.038588
0.019294
0.038588
0.231528
0.038588
0.019294
0.038588
0.019294
0.019294
0.019294
0.038588
0.019294
0.019294
0.019185
0.019185
0.038371
0.019185
0.019185
0.019185
0.038371
0.019185
0.038371
0.230224
0.038371
0.019185
0.038371
0.019185
0.019185
0.019185
0.038371
0.019185
0.019185
0.019260
0.019260
0.038519
0.019260
0.019260
0.019260
0.038519
0.019260
0.038519
0.231115
0.038519
0.019260
0.038519
0.019260
0.019260
0.019260
0.038519
0.019260
0.019260
0.019155
0.019155
0.038311
0.019155
0.019155
0.019155
0.038311
0.019155
0.038311
0.229866
0.038311
0.019155
0.038311
0.019155
0.019155
0.019155
0.038311
0.019155
0.019155
0.019272
0.019272
0.038543
0.019272
0.019272
0.019272
0.038543
0.019272
0.038543
0.231259
0.038543
0.019272
0.038543
0.019272
0.019272
0.019272
0.038543
0.019272
0.019272
0.019163
0.019163
0.038326
0.019163
0.019163
0.019163
0.038326
0.019163
0.038326
0.229956
0.038326
0.019163
0.038326
0.019163
0.019163
0.019163
0.038326
0.019163
0.019163
0.019328
0.019328
0.038655
0.019328
0.019328
0.019328
0.038655
0.019328
0.038655
0.231931
0.038655
0.019328
0.038655
0.019328
0.019328
0.019328
0.038655
0.019328
0.019328
0.019275
0.019275
0.038549
0.019275
0.019275
0.019275
0.038549
0.019275
0.038549
0.231296
0.038549
0.019275
0.038549
0.019275
0.019275
0.019275
0.038549
0.019275
0.019275
0.019216
0.019216
0.038432
0.019216
0.019216
0.019216
0.038432
0.019216
0.038432
0.230590
0.038432
0.019216
0.038432
0.019216
0.019216
0.019216
0.038432
0.019216
0.019216
0.019322
0.019322
0.038644
0.019322
0.019322
0.019322
0.038644
0.019322
0.038644
0.231865
0.038644
0.019322
0.038644
0.019322
0.019322
0.019322
0.038644
0.019322
0.019322
0.019317
0.019317
0.038634
0.019317
0.019317
0.019317
0.038634
0.019317
0.038634
0.231807
0.038634
0.019317
0.038634
0.019317
0.019317
0.019317
0.038634
0.019317
0.019317
0.019296
0.019296
0.038592
0.019296
0.019296
0.019296
0.038592
0.019296
0.038592
0.231552
0.038592
0.019296
0.038592
0.019296
0.019296
0.019296
0.038592
0.019296
0.019296
0.019179
0.019179
0.038358
0.019179
0.019179
0.019179
0.038358
0.019179
0.038358
0.230147
0.038358
0.019179
0.038358
0.019179
0.019179
0.019179
0.038358
0.019179
0.019179
0.019195
0.019195
0.038389
0.019195
0.019195
0.019195
0.038389
0.019195
0.038389
0.230336
0.038389
0.019195
0.038389
0.019195
0.019195
0.019195
0.038389
0.019195
0.019195
0.019156
0.019156
0.038312
0.019156
0.019156
0.019156
0.038312
0.019156
0.038312
0.229870
0.038312
0.019156
0.038312
0.019156
0.019156
0.019156
0.038312
0.019156
0.019156
0.019259
0.019259
0.038518
0.019259
0.019259
0.019259
0.038518
0.019259
0.038518
0.231107
0.038518
0.019259
0.038518
0.019259
0.019259
0.019259
0.038518
0.019259
0.019259
0.019244
0.019244
0.038488
0.019244
0.019244
0.019244
0.038488
0.019244
0.038488
0.230928
0.038488
0.019244
0.038488
0.019244
0.019244
0.019244
0.038488
0.019244
0.019244
0.019214
0.019214
0.038428
0.019214
0.019214
0.019214
0.038428
0.019214
0.038428
0.230570
0.038428
0.019214
0.038428
0.019214
0.019214
0.019214
0.038428
0.019214
0.019214
0.019155
0.019155
0.038310
0.019155
0.019155
0.019155
0.038310
0.019155
0.038310
0.229863
0.038310
0.019155
0.038310
0.019155
0.019155
0.019155
0.038310
0.019155
0.019155
0.019331
0.019331
0.038662
0.019331
0.019331
0.019331
0.038662
0.019331
0.038662
0.231970
0.038662
0.019331
0.038662
0.019331
0.019331
0.019331
0.038662
0.019331
0.019331
0.019269
0.019269
0.038538
0.019269
0.019269
0.019269
0.038538
0.019269
0.038538
0.231229
0.038538
0.019269
0.038538
0.019269
0.019269
0.019269
0.038538
0.019269
0.019269
0.019170
0.019170
0.038340
0.019170
0.019170
0.019170
0.038340
0.019170
0.038340
0.230039
0.038340
0.019170
0.038340
0.019170
0.019170
0.019170
0.038340
0.019170
0.019170
0.019297
0.019297
0.038593
0.019297
0.019297
0.019297
0.038593
0.019297
0.038593
0.231559
0.038593
0.019297
0.038593
0.019297
0.019297
0.019297
0.038593
0.019297
0.019297
0.019262
0.019262
0.038525
0.019262
0.019262
0.019262
0.038525
0.019262
0.038525
0.231149
0.038525
0.019262
0.038525
0.019262
0.019262
0.019262
0.038525
0.019262
0.019262
0.019245
0.019245
0.038491
0.019245
0.019245
0.019245
0.038491
0.019245
0.038491
0.230944
0.038491
0.019245
0.038491
0.019245
0.019245
0.019245
0.038491
0.019245
0.019245
0.019176
0.019176
0.038352
0.019176
0.019176
0.019176
0.038352
0.019176
0.038352
0.230112
0.038352
0.019176
0.038352
0.019176
0.019176
0.019176
0.038352
0.019176
0.019176
0.019257
0.019257
0.038513
0.019257
0.019257
0.019257
0.038513
0.019257
0.038513
0.231079
0.038513
0.019257
0.038513
0.019257
0.019257
0.019257
0.038513
0.019257
0.019257
0.019337
0.019337
0.038674
0.019337
0.019337
0.019337
0.038674
0.019337
0.038674
0.232047
0.038674
0.019337
0.038674
0.019337
0.019337
0.019337
0.038674
0.019337
0.019337
0.019301
0.019301
0.038602
0.019301
0.019301
0.019301
0.038602
0.019301
0.038602
0.231609
0.038602
0.019301
0.038602
0.019301
0.019301
0.019301
0.038602
0.019301
0.019301
0.019260
0.019260
0.038519
0.019260
0.019260
0.019260
0.038519
0.019260
0.038519
0.231116
0.038519
0.019260
0.038519
0.019260
0.019260
0.019260
0.038519
0.019260
0.019260
0.019235
0.019235
0.038470
0.019235
0.019235
0.019235
0.038470
0.019235
0.038470
0.230823
0.038470
0.019235
0.038470
0.019235
0.019235
0.019235
0.038470
0.019235
0.019235
0.019249
0.019249
0.038497
0.019249
0.019249
0.019249
0.038497
0.019249
0.038497
0.230982
0.038497
0.019249
0.038497
0.019249
0.019249
0.019249
0.038497
0.019249
0.019249
0.019291
0.019291
0.038582
0.019291
0.019291
0.019291
0.038582
0.019291
0.038582
0.231495
0.038582
0.019291
0.038582
0.019291
0.019291
0.019291
0.038582
0.019291
0.019291
0.019341
0.019341
0.038682
0.019341
0.019341
0.019341
0.038682
0.019341
0.038682
0.232093
0.038682
0.019341
0.038682
0.019341
0.019341
0.019341
0.038682
0.019341
0.019341
0.019250
0.019250
0.038500
0.019250
0.019250
0.019250
0.038500
0.019250
0.038500
0.231003
0.038500
0.019250
0.038500
0.019250
0.019250
0.019250
0.038500
0.019250
0.019250
0.019217
0.019217
0.038433
0.019217
0.019217
0.019217
0.038433
0.019217
0.038433
0.230599
0.038433
0.019217
0.038433
0.019217
0.019217
0.019217
0.038433
0.019217
0.019217
0.019158
0.019158
0.038316
0.019158
0.019158
0.019158
0.038316
0.019158
0.038316
0.229894
0.038316
0.019158
0.038316
0.019158
0.019158
0.019158
0.038316
0.019158
0.019158
0.019232
0.019232
0.038463
0.019232
0.019232
0.019232
0.038463
0.019232
0.038463
0.230779
0.038463
0.019232
0.038463
0.019232
0.019232
0.019232
0.038463
0.019232
0.019232
0.019337
0.019337
0.038675
0.019337
0.019337
0.019337
0.038675
0.019337
0.038675
0.232050
0.038675
0.019337
0.038675
0.019337
0.019337
0.019337
0.038675
0.019337
0.019337
0.019220
0.019220
0.038440
0.019220
0.019220
0.019220
0.038440
0.019220
0.038440
0.230639
0.038440
0.019220
0.038440
0.019220
0.019220
0.019220
0.038440
0.019220
0.019220
0.019207
0.019207
0.038415
0.019207
0.019207
0.019207
0.038415
0.019207
0.038415
0.230488
0.038415
0.019207
0.038415
0.019207
0.019207
0.019207
0.038415
0.019207
0.019207
0.019308
0.019308
0.038617
0.019308
0.019308
0.019308
0.038617
0.019308
0.038617
0.231702
0.038617
0.019308
0.038617
0.019308
0.019308
0.019308
0.038617
0.019308
0.019308
0.019170
0.019170
0.038339
0.019170
0.019170
0.019170
0.038339
0.019170
0.038339
0.230037
0.038339
0.019170
0.038339
0.019170
0.019170
0.019170
0.038339
0.019170
0.019170
0.019232
0.019232
0.038465
0.019232
0.019232
0.019232
0.038465
0.019232
0.038465
0.230790
0.038465
0.019232
0.038465
0.019232
0.019232
0.019232
0.038465
0.019232
0.019232
0.019157
0.019157
0.038314
0.019157
0.019157
0.019157
0.038314
0.019157
0.038314
0.229883
0.038314
0.019157
0.038314
0.019157
0.019157
0.019157
0.038314
0.019157
0.019157
0.019172
0.019172
0.038344
0.019172
0.019172
0.019172
0.038344
0.019172
0.038344
0.230062
0.038344
0.019172
0.038344
0.019172
0.019172
0.019172
0.038344
0.019172
0.019172
0.019338
0.019338
0.038675
0.019338
0.019338
0.019338
0.038675
0.019338
0.038675
0.232052
0.038675
0.019338
0.038675
0.019338
0.019338
0.019338
0.038675
0.019338
0.019338
0.019247
0.019247
0.038494
0.019247
0.019247
0.019247
0.038494
0.019247
0.038494
0.230966
0.038494
0.019247
0.038494
0.019247
0.019247
0.019247
0.038494
0.019247
0.019247
0.019232
0.019232
0.038465
0.019232
0.019232
0.019232
0.038465
0.019232
0.038465
0.230787
0.038465
0.019232
0.038465
0.019232
0.019232
0.019232
0.038465
0.019232
0.019232
0.019339
0.019339
0.038678
0.019339
0.019339
0.019339
0.038678
0.019339
0.038678
0.232070
0.038678
0.019339
0.038678
0.019339
0.019339
0.019339
0.038678
0.019339
0.019339
0.019232
0.019232
0.038464
0.019232
0.019232
0.019232
0.038464
0.019232
0.038464
0.230782
0.038464
0.019232
0.038464
0.019232
0.019232
0.019232
0.038464
0.019232
0.019232
0.019155
0.019155
0.038310
0.019155
0.019155
0.019155
0.038310
0.019155
0.038310
0.229861
0.038310
0.019155
0.038310
0.019155
0.019155
0.019155
0.038310
0.019155
0.019155
0.019163
0.019163
0.038326
0.019163
0.019163
0.019163
0.038326
0.019163
0.038326
0.229955
0.038326
0.019163
0.038326
0.019163
0.019163
0.019163
0.038326
0.019163
0.019163
0.019182
0.019182
0.038364
0.019182
0.019182
0.019182
0.038364
0.019182
0.038364
0.230185
0.038364
0.019182
0.038364
0.019182
0.019182
0.019182
0.038364
0.019182
0.019182
0.019264
0.019264
0.038528
0.019264
0.019264
0.019264
0.038528
0.019264
0.038528
0.231165
0.038528
0.019264
0.038528
0.019264
0.019264
0.019264
0.038528
0.019264
0.019264
0.019254
0.019254
0.038509
0.019254
0.019254
0.019254
0.038509
0.019254
0.038509
0.231054
0.038509
0.019254
0.038509
0.019254
0.019254
0.019254
0.038509
0.019254
0.019254
0.019204
0.019204
0.038409
0.019204
0.019204
0.019204
0.038409
0.019204
0.038409
0.230452
0.038409
0.019204
0.038409
0.019204
0.019204
0.019204
0.038409
0.019204
0.019204
0.019174
0.019174
0.038348
0.019174
0.019174
0.019174
0.038348
0.019174
0.038348
0.230089
0.038348
0.019174
0.038348
0.019174
0.019174
0.019174
0.038348
0.019174
0.019174
0.019245
0.019245
0.038491
0.019245
0.019245
0.019245
0.038491
0.019245
0.038491
0.230946
0.038491
0.019245
0.038491
0.019245
0.019245
0.019245
0.038491
0.019245
0.019245
0.019159
0.019159
0.038318
0.019159
0.019159
0.019159
0.038318
0.019159
0.038318
0.229906
0.038318
0.019159
0.038318
0.019159
0.019159
0.019159
0.038318
0.019159
0.019159
0.019280
0.019280
0.038560
0.019280
0.019280
0.019280
0.038560
0.019280
0.038560
0.231361
0.038560
0.019280
0.038560
0.019280
0.019280
0.019280
0.038560
0.019280
0.019280
0.019327
0.019327
0.038654
0.019327
0.019327
0.019327
0.038654
0.019327
0.038654
0.231924
0.038654
0.019327
0.038654
0.019327
0.019327
0.019327
0.038654
0.019327
0.019327
0.019254
0.019254
0.038507
0.019254
0.019254
0.019254
0.038507
0.019254
0.038507
0.231044
0.038507
0.019254
0.038507
0.019254
0.019254
0.019254
0.038507
0.019254
0.019254
0.019225
0.019225
0.038450
0.019225
0.019225
0.019225
0.038450
0.019225
0.038450
0.230700
0.038450
0.019225
0.038450
0.019225
0.019225
0.019225
0.038450
0.019225
0.019225
0.019322
0.019322
0.038644
0.019322
0.019322
0.019322
0.038644
0.019322
0.038644
0.231862
0.038644
0.019322
0.038644
0.019322
0.019322
0.019322
0.038644
0.019322
0.019322
0.019158
0.019158
0.038315
0.019158
0.019158
0.019158
0.038315
0.019158
0.038315
0.229891
0.038315
0.019158
0.038315
0.019158
0.019158
0.019158
0.038315
0.019158
0.019158
0.019288
0.019288
0.038576
0.019288
0.019288
0.019288
0.038576
0.019288
0.038576
0.231455
0.038576
0.019288
0.038576
0.019288
0.019288
0.019288
0.038576
0.019288
0.019288
0.019326
0.019326
0.038652
0.019326
0.019326
0.019326
0.038652
0.019326
0.038652
0.231910
0.038652
0.019326
0.038652
0.019326
0.019326
0.019326
0.038652
0.019326
0.019326
0.019235
0.019235
0.038471
0.019235
0.019235
0.019235
0.038471
0.019235
0.038471
0.230825
0.038471
0.019235
0.038471
0.019235
0.019235
0.019235
0.038471
0.019235
0.019235
0.019279
0.019279
0.038558
0.019279
0.019279
0.019279
0.038558
0.019279
0.038558
0.231350
0.038558
0.019279
0.038558
0.019279
0.019279
0.019279
0.038558
0.019279
0.019279
0.019200
0.019200
0.038399
0.019200
0.019200
0.019200
0.038399
0.019200
0.038399
0.230395
0.038399
0.019200
0.038399
0.019200
0.019200
0.019200
0.038399
0.019200
0.019200
0.019289
0.019289
0.038578
0.019289
0.019289
0.019289
0.038578
0.019289
0.038578
0.231468
0.038578
0.019289
0.038578
0.019289
0.019289
0.019289
0.038578
0.019289
0.019289
0.019241
0.019241
0.038483
0.019241
0.019241
0.019241
0.038483
0.019241
0.038483
0.230896
0.038483
0.019241
0.038483
0.019241
0.019241
0.019241
0.038483
0.019241
0.019241
0.019216
0.019216
0.038431
0.019216
0.019216
0.019216
0.038431
0.019216
0.038431
0.230586
0.038431
0.019216
0.038431
0.019216
0.019216
0.019216
0.038431
0.019216
0.019216
0.019175
0.019175
0.038351
0.019175
0.019175
0.019175
0.038351
0.019175
0.038351
0.230103
0.038351
0.019175
0.038351
0.019175
0.019175
0.019175
0.038351
0.019175
0.019175
0.019245
0.019245
0.038489
0.019245
0.019245
0.019245
0.038489
0.019245
0.038489
0.230934
0.038489
0.019245
0.038489
0.019245
0.019245
0.019245
0.038489
0.019245
0.019245
0.019234
0.019234
0.038467
0.019234
0.019234
0.019234
0.038467
0.019234
0.038467
0.230803
0.038467
0.019234
0.038467
0.019234
0.019234
0.019234
0.038467
0.019234
0.019234
0.019167
0.019167
0.038333
0.019167
0.019167
0.019167
0.038333
0.019167
0.038333
0.230001
0.038333
0.019167
0.038333
0.019167
0.019167
0.019167
0.038333
0.019167
0.019167
0.019338
0.019338
0.038676
0.019338
0.019338
0.019338
0.038676
0.019338
0.038676
0.232056
0.038676
0.019338
0.038676
0.019338
0.019338
0.019338
0.038676
0.019338
0.019338
0.019312
0.019312
0.038624
0.019312
0.019312
0.019312
0.038624
0.019312
0.038624
0.231745
0.038624
0.019312
0.038624
0.019312
0.019312
0.019312
0.038624
0.019312
0.019312
0.019160
0.019160
0.038319
0.019160
0.019160
0.019160
0.038319
0.019160
0.038319
0.229916
0.038319
0.019160
0.038319
0.019160
0.019160
0.019160
0.038319
0.019160
0.019160
0.019224
0.019224
0.038447
0.019224
0.019224
0.019224
0.038447
0.019224
0.038447
0.230682
0.038447
0.019224
0.038447
0.019224
0.019224
0.019224
0.038447
0.019224
0.019224
0.019313
0.019313
0.038627
0.019313
0.019313
0.019313
0.038627
0.019313
0.038627
0.231762
0.038627
0.019313
0.038627
0.019313
0.019313
0.019313
0.038627
0.019313
0.019313
0.019169
0.019169
0.038338
0.019169
0.019169
0.019169
0.038338
0.019169
0.038338
0.230025
0.038338
0.019169
0.038338
0.019169
0.019169
0.019169
0.038338
0.019169
0.019169
0.019252
0.019252
0.038504
0.019252
0.019252
0.019252
0.038504
0.019252
0.038504
0.231023
0.038504
0.019252
0.038504
0.019252
0.019252
0.019252
0.038504
0.019252
0.019252
0.019231
0.019231
0.038462
0.019231
0.019231
0.019231
0.038462
0.019231
0.038462
0.230772
0.038462
0.019231
0.038462
0.019231
0.019231
0.019231
0.038462
0.019231
0.019231
0.019270
0.019270
0.038539
0.019270
0.019270
0.019270
0.038539
0.019270
0.038539
0.231234
0.038539
0.019270
0.038539
0.019270
0.019270
0.019270
0.038539
0.019270
0.019270
0.019302
0.019302
0.038605
0.019302
0.019302
0.019302
0.038605
0.019302
0.038605
0.231630
0.038605
0.019302
0.038605
0.019302
0.019302
0.019302
0.038605
0.019302
0.019302
0.019251
0.019251
0.038503
0.019251
0.019251
0.019251
0.038503
0.019251
0.038503
0.231016
0.038503
0.019251
0.038503
0.019251
0.019251
0.019251
0.038503
0.019251
0.019251
0.019169
0.019169
0.038337
0.019169
0.019169
0.019169
0.038337
0.019169
0.038337
0.230025
0.038337
0.019169
0.038337
0.019169
0.019169
0.019169
0.038337
0.019169
0.019169
0.019308
0.019308
0.038615
0.019308
0.019308
0.019308
0.038615
0.019308
0.038615
0.231691
0.038615
0.019308
0.038615
0.019308
0.019308
0.019308
0.038615
0.019308
0.019308
